267
986
285
619
836
458
26
8
265
260
561
499
182
147
30
629
15
633
674
953
690
142
613
208
473
772
632
191
574
521
431
272
848
168
275
842
602
660
702
110
497
170
527
15
166
802
654
413
770
161
50
910
470
703
797
97
565
704
617
961
905
113
139
50
154
648
838
275
221
824
131
815
977
912
236
746
157
479
512
309
917
671
504
559
387
915
816
32
401
109
890
66
917
225
124
14
358
224
561
880
891
497
997
793
891
650
490
911
575
511
880
291
971
277
506
262
835
742
427
808
450
969
942
271
798
637
589
833
296
922
234
415
783
844
41
406
140
268
502
682
607
877
579
921
345
672
410
801
107
773
137
87
188
919
707
829
64
938
674
607
443
739
459
243
717
388
770
922
863
786
940
879
59
629
52
379
898
300
933
491
616
171
398
343
105
98
371
775
343
851
784
395
795
479
216
96
969
509
332
378
552
160
744
555
862
348
455
774
67
621
790
160
404
124
78
684
792
311
819
305
959
284
610
355
517
722
671
82
478
828
412
738
276
786
405
328
964
285
240
86
319
583
187
876
84
133
294
395
995
971
911
887
44
258
252
360
253
784
107
525
378
972
509
286
23
276
705
76
585
77
692
863
835
590
62
419
597
146
777
528
702
984
555
861
930
200
218
353
630
212
335
701
680
769
75
681
452
161
278
498
793
367
478
380
51
918
652
618
449
829
939
39
726
611
210
16
829
251
633
112
301
980
472
703
932
712
682
712
824
463
456
446
153
591
634
906
242
90
345
427
782
636
64
619
191
208
593
890
737
30
620
234
525
451
369
14
498
829
807
527
446
776
237
300
339
618
381
653
268
352
849
172
262
3
381
257
172
459
292
393
90
726
375
466
475
748
992
397
822
434
997
337
779
930
519
176
828
363
258
848
542
338
119
176
47
861
373
420
297
975
751
512
476
350
454
189
898
309
631
907
244
517
192
363
818
919
179
646
608
983
445
960
84
606
80
667
739
62
677
98
555
850
925
395
507
834
766
735
983
368
715
849
152
58
132
544
840
540
653
643
851
673
810
560
577
894
32
849
952
171
863
404
134
519
972
878
100
775
834
483
102
394
976
228
110
460
86
901
905
525
817
818
425
933
438
358
978
471
867
471
HEY